"HHID","AGroup_ID","a8cq1","a8cq2","a8cq3","a8cq4","a8cq5","a8cq6a","a8cq6b","hh","wgt_X"
1010401,107,0,,,,,,,"H00101-04-01",2792.466796875
1040401,107,12,10,0,,,,,"H00104-04-01",2792.466796875
1100401,107,0,,,,,,,"H00110-04-01",2792.466796875
8010401,107,0,,,,,,,"H00801-04-01",1874.79821777344
16070401,107,0,,,,,,,"H01607-04-01",1874.79821777344
21100401,103,0,,,,,,,"H02110-04-01",1874.79821777344
22070401,107,6,64,0,,,,,"H02207-04-01",1874.79821777344
34080401,107,1,10,0,,,,,"H03408-04-01",1874.79821777344
36010401,107,1,14,0,,,,,"H03601-04-01",2551.70141601563
36040409,107,0,,,,,,,"H03604-04-09",850.567138671875
36050402,107,3,31,0,,,,,"H03605-04-02",2551.70141601563
36070401,107,2,16,0,,,,,"H03607-04-01",2551.70141601563
36080401,107,0,,,,,,,"H03608-04-01",2551.70141601563
37040401,107,0,,,,,,,"H03704-04-01",2551.70141601563
37050401,107,4,30,0,,,,,"H03705-04-01",2551.70141601563
37060401,107,22,11,0,,,,,"H03706-04-01",2551.70141601563
37070401,107,0,,,,,,,"H03707-04-01",1275.85070800781
37090401,107,0,,,,,,,"H03709-04-01",2551.70141601563
39020401,107,2,22,0,,,,,"H03902-04-01",2551.70141601563
39030401,107,4,30,0,,,,,"H03903-04-01",2551.70141601563
39070401,107,10,40,0,,,,,"H03907-04-01",2551.70141601563
39090401,107,2,16,0,,,,,"H03909-04-01",1275.85070800781
39100401,107,0,,,,,,,"H03910-04-01",2551.70141601563
40010401,107,2,20,0,,,,,"H04001-04-01",2551.70141601563
40030401,107,40,20,0,,,,,"H04003-04-01",850.567138671875
40040401,107,18,12,0,,,,,"H04004-04-01",2551.70141601563
40050401,107,0,,,,,,,"H04005-04-01",2551.70141601563
40100401,107,0,,,,,,,"H04010-04-01",1275.85070800781
40110401,107,25,19,0,,,,,"H04011-04-01",1275.85070800781
42010401,107,2,22,0,,,,,"H04201-04-01",2551.70141601563
42030401,107,10,8,0,,,,,"H04203-04-01",2551.70141601563
42040401,107,0,,,,,,,"H04204-04-01",2551.70141601563
42060401,107,3,30,0,,,,,"H04206-04-01",2551.70141601563
42080402,107,15,9,0,,,,,"H04208-04-02",1275.85070800781
42090401,107,9,6,0,,,,,"H04209-04-01",2551.70141601563
42100401,107,0,,,,,,,"H04210-04-01",2551.70141601563
45090401,107,16,8,0,,,,,"H04509-04-01",2792.466796875
46030401,107,0,,,,,,,"H04603-04-01",2792.466796875
46040401,107,0,,,,,,,"H04604-04-01",2792.466796875
46070401,107,30,12,0,,,,,"H04607-04-01",2792.466796875
46080401,107,10,10,0,,,,,"H04608-04-01",2792.466796875
46090401,107,0,,,,,,,"H04609-04-01",2792.466796875
46100403,107,1,15,5,5,15000,4610003,,"H04610-04-03",930.822265625
48020402,107,0,,,,,,,"H04802-04-02",930.822265625
48030402,103,0,,,,,,,"H04803-04-02",2792.466796875
48040401,107,18,8,0,,,,,"H04804-04-01",2792.466796875
48060401,107,0,,,,,,,"H04806-04-01",2792.466796875
48080401,107,15,8,0,,,,,"H04808-04-01",1396.2333984375
49050401,107,1,8,0,,,,,"H04905-04-01",2792.466796875
49070401,107,1,15,0,,,,,"H04907-04-01",2792.466796875
49090401,107,0,,,,,,,"H04909-04-01",2792.466796875
49100401,107,2,26,0,,,,,"H04910-04-01",2792.466796875
50020401,107,0,,,,,,,"H05002-04-01",2792.46655273438
50030401,107,3,12,0,,,,,"H05003-04-01",1396.23327636719
50040401,107,0,,,,,,,"H05004-04-01",2792.46655273438
50050401,107,0,,,,,,,"H05005-04-01",2792.46655273438
50070401,107,10,7,0,,,,,"H05007-04-01",2792.46655273438
50090401,107,0,,,,,,,"H05009-04-01",2792.46655273438
50100401,107,0,,,,,,,"H05010-04-01",2792.46655273438
51010401,107,0,,,,,,,"H05101-04-01",2792.466796875
51020401,107,0,,,,,,,"H05102-04-01",2792.466796875
51060401,107,3,16,0,,,,,"H05106-04-01",2792.466796875
51080401,107,1,14,0,,,,,"H05108-04-01",2792.466796875
53020401,107,30,10,0,,,,,"H05302-04-01",2792.466796875
53030401,107,20,10,0,,,,,"H05303-04-01",2792.466796875
53040401,107,0,,,,,,,"H05304-04-01",2792.466796875
53050401,107,0,,,,,,,"H05305-04-01",465.4111328125
53050403,107,0,,,,,,,"H05305-04-03",465.4111328125
53060401,107,1,13,0,,,,,"H05306-04-01",1396.2333984375
53080401,107,5,64,0,,,,,"H05308-04-01",2792.466796875
53090401,107,7,84,0,,,,,"H05309-04-01",2792.466796875
54040401,107,0,,,,,,,"H05404-04-01",2792.46655273438
54090401,107,0,,,,,,,"H05409-04-01",2792.46655273438
57020401,107,1,10,0,,,,,"H05702-04-01",2792.466796875
57030401,107,4,30,0,,,,,"H05703-04-01",2792.466796875
57040401,103,303,6300,21000,3,1890000,5704001,5704002,"H05704-04-01",2792.466796875
57040401,107,0,,,,,,,"H05704-04-01",2792.466796875
57090401,107,0,,,,,,,"H05709-04-01",2792.466796875
57110401,107,0,,,,,,,"H05711-04-01",1396.2333984375
60050401,103,8,168,0,,,,,"H06005-04-01",2551.70141601563
60060401,107,3,15,0,,,,,"H06006-04-01",2551.70141601563
60080401,107,18,9,0,,,,,"H06008-04-01",2551.70141601563
60100401,107,0,,,,,,,"H06010-04-01",2551.70141601563
61020401,107,19,9,0,,,,,"H06102-04-01",2551.70141601563
61030401,107,0,,,,,,,"H06103-04-01",2551.70141601563
61040401,107,3,25,0,,,,,"H06104-04-01",850.567138671875
61050401,107,12,6,0,,,,,"H06105-04-01",1275.85070800781
61050402,107,20,10,0,,,,,"H06105-04-02",1275.85070800781
61080401,107,0,,,,,,,"H06108-04-01",2551.70141601563
61090401,107,11,70,0,,,,,"H06109-04-01",2551.70141601563
61100401,107,0,,,,,,,"H06110-04-01",2551.70141601563
62010401,107,0,,,,,,,"H06201-04-01",2551.701171875
62080401,107,1,13,0,,,,,"H06208-04-01",2551.701171875
63010401,107,1,13,0,,,,,"H06301-04-01",2551.70141601563
63030401,107,0,,,,,,,"H06303-04-01",850.567138671875
63050401,107,0,,,,,,,"H06305-04-01",2551.70141601563
63070401,107,3,24,0,,,,,"H06307-04-01",2551.70141601563
63100401,107,3,21,0,,,,,"H06310-04-01",850.567138671875
63100402,107,0,,,,,,,"H06310-04-02",850.567138671875
64020401,107,1,6,0,,,,,"H06402-04-01",2551.70141601563
64040401,107,0,,,,,,,"H06404-04-01",2551.70141601563
64050401,107,0,,,,,,,"H06405-04-01",2551.70141601563
64080401,107,0,,,,,,,"H06408-04-01",2551.70141601563
64090401,107,0,,,,,,,"H06409-04-01",2551.70141601563
64100401,107,5,40,0,,,,,"H06410-04-01",2551.70141601563
64110401,107,8,60,0,,,,,"H06411-04-01",2551.70141601563
66040401,107,0,,,,,,,"H06604-04-01",2551.70141601563
66090401,103,0,,,,,,,"H06609-04-01",2551.70141601563
67010401,107,0,,,,,,,"H06701-04-01",2551.701171875
67020401,107,0,,,,,,,"H06702-04-01",2551.701171875
67040401,107,0,,,,,,,"H06704-04-01",2551.701171875
67060401,107,0,,,,,,,"H06706-04-01",2551.701171875
67080401,107,1,10,0,,,,,"H06708-04-01",2551.701171875
67090401,107,3,30,0,,,,,"H06709-04-01",2551.701171875
67100401,107,1,12,0,,,,,"H06710-04-01",2551.701171875
69030401,107,2,24,0,,,,,"H06903-04-01",2551.70141601563
69110401,107,7,60,0,,,,,"H06911-04-01",1275.85070800781
70070401,107,0,,,,,,,"H07007-04-01",1275.85070800781
70090401,107,30,15,0,,,,,"H07009-04-01",2551.70141601563
70100401,107,20,10,0,,,,,"H07010-04-01",2551.70141601563
72030401,107,0,,,,,,,"H07203-04-01",2551.70141601563
72080401,107,15,12,0,,,,,"H07208-04-01",1275.85070800781
72090401,107,1,11,0,,,,,"H07209-04-01",2551.70141601563
72100401,107,2,12,0,,,,,"H07210-04-01",2551.70141601563
73070401,107,0,,,,,,,"H07307-04-01",2551.701171875
73090401,107,0,,,,,,,"H07309-04-01",2551.701171875
73100401,107,0,,,,,,,"H07310-04-01",2551.701171875
74080401,107,4,30,0,,,,,"H07408-04-01",850.567138671875
74080402,107,0,,,,,,,"H07408-04-02",850.567138671875
75020406,107,3,20,0,,,,,"H07502-04-06",425.283569335938
75040401,107,3,18,0,,,,,"H07504-04-01",2551.70141601563
75060401,107,2,20,0,,,,,"H07506-04-01",2551.70141601563
75080401,107,3,32,0,,,,,"H07508-04-01",2551.70141601563
75090401,107,0,,,,,,,"H07509-04-01",637.925354003906
75090402,107,0,,,,,,,"H07509-04-02",637.925354003906
81020402,103,0,,,,,,,"H08102-04-02",465.4111328125
83010401,107,0,,,,,,,"H08301-04-01",2792.466796875
83020402,107,3,28,0,,,,,"H08302-04-02",698.11669921875
83030401,107,5,32,0,,,,,"H08303-04-01",2792.466796875
83040401,107,0,,,,,,,"H08304-04-01",2792.466796875
83070403,107,0,,,,,,,"H08307-04-03",1396.2333984375
84020401,107,0,,,,,,,"H08402-04-01",2792.466796875
84040401,107,20,20,0,,,,,"H08404-04-01",2792.466796875
84050401,107,0,,,,,,,"H08405-04-01",2792.466796875
84090401,107,24,15,0,,,,,"H08409-04-01",1396.2333984375
84090402,107,4,30,0,,,,,"H08409-04-02",1396.2333984375
85010401,107,0,,,,,,,"H08501-04-01",2792.466796875
85020401,107,0,,,,,,,"H08502-04-01",2792.466796875
85030403,107,0,,,,,,,"H08503-04-03",930.822265625
85060401,107,2,20,0,,,,,"H08506-04-01",2792.466796875
85090401,107,2,19,0,,,,,"H08509-04-01",2792.466796875
86020401,107,10,7,0,,,,,"H08602-04-01",930.822265625
86030401,107,18,9,0,,,,,"H08603-04-01",1396.23327636719
86050401,107,0,,,,,,,"H08605-04-01",2792.46655273438
86090401,107,0,,,,,,,"H08609-04-01",2792.46655273438
86110401,107,15,15,0,,,,,"H08611-04-01",2792.46655273438
87040401,107,2,24,0,,,,,"H08704-04-01",2792.466796875
87070401,107,0,,,,,,,"H08707-04-01",2792.466796875
87090401,107,30,15,0,,,,,"H08709-04-01",2792.466796875
88010401,107,0,,,,,,,"H08801-04-01",2792.466796875
88020401,107,0,,,,,,,"H08802-04-01",1396.2333984375
88030401,107,20,7,7,5,2100,8803002,8803003,"H08803-04-01",2792.466796875
88050401,107,12,12,0,,,,,"H08805-04-01",2792.466796875
88060401,107,0,,,,,,,"H08806-04-01",2792.466796875
88110401,107,18,15,0,,,,,"H08811-04-01",2792.466796875
90010401,107,10,10,0,,,,,"H09001-04-01",1275.85070800781
90070401,107,25,3,0,,,,,"H09007-04-01",2551.70141601563
90080401,107,10,10,0,,,,,"H09008-04-01",1275.85070800781
90100401,107,20,12,0,,,,,"H09010-04-01",2551.70141601563
91020401,107,0,,,,,,,"H09102-04-01",2551.701171875
91030401,107,5,59,0,,,,,"H09103-04-01",2551.701171875
91080401,107,0,,,,,,,"H09108-04-01",2551.701171875
91110401,107,0,,,,,,,"H09111-04-01",2551.701171875
92030401,107,2,20,0,,,,,"H09203-04-01",2551.70141601563
92060401,107,0,,,,,,,"H09206-04-01",2551.70141601563
92080401,107,3,13,0,,,,,"H09208-04-01",2551.70141601563
94100401,107,2,20,0,,,,,"H09410-04-01",2792.466796875
96080401,107,1,8,0,,,,,"H09608-04-01",2792.466796875
96090401,107,3,24,0,,,,,"H09609-04-01",2792.466796875
99090401,107,0,,,,,,,"H09909-04-01",2792.466796875
100040401,107,2,19,0,,,,,"H10004-04-01",2792.466796875
100070401,103,1500,27000,2700,2,5400000,10007006,10007007,"H10007-04-01",1396.2333984375
100100401,107,4,50,0,,,,,"H10010-04-01",2792.466796875
107010401,107,1,13,0,,,,,"H10701-04-01",757.547973632813
107010402,107,0,,,,,,,"H10701-04-02",757.547973632813
107020401,107,2,9,0,,,,,"H10702-04-01",2272.64404296875
107030401,107,2,20,0,,,,,"H10703-04-01",2272.64404296875
107040402,107,0,,,,,,,"H10704-04-02",1136.32202148438
107060401,107,2,16,0,,,,,"H10706-04-01",1136.32202148438
107060402,107,0,,,,,,,"H10706-04-02",1136.32202148438
107080401,107,3,24,0,,,,,"H10708-04-01",2272.64404296875
107090401,107,0,,,,,,,"H10709-04-01",2272.64404296875
107100401,107,8,80,0,,,,,"H10710-04-01",454.52880859375
107100404,107,1,7,,,,,,"H10710-04-04",454.52880859375
108020401,107,0,,,,,,,"H10802-04-01",2272.64404296875
108030401,107,1,12,0,,,,,"H10803-04-01",757.547973632813
108030403,107,2,20,0,,,,,"H10803-04-03",757.547973632813
108050401,107,6,6,0,,,,,"H10805-04-01",2272.64404296875
108090401,107,1,8,0,,,,,"H10809-04-01",2272.64404296875
109040401,107,0,,,,,,,"H10904-04-01",2272.64404296875
109050401,107,2,18,0,,,,,"H10905-04-01",2272.64404296875
109090401,107,10,60,0,,,,,"H10909-04-01",568.161010742188
110020401,107,2,24,0,,,,,"H11002-04-01",2272.64404296875
110070401,107,4,34,0,,,,,"H11007-04-01",2272.64404296875
110110401,107,1,10,0,,,,,"H11011-04-01",2272.64404296875
115100401,103,1500,67500,22497,2,6749100,11510001,11510002,"H11510-04-01",2272.64404296875
118050401,107,27,16,0,,,,,"H11805-04-01",2272.64404296875
118060401,107,0,,,,,,,"H11806-04-01",2272.64404296875
118080401,107,2,15,0,,,,,"H11808-04-01",1136.32202148438
118090401,107,1,9,0,,,,,"H11809-04-01",2272.64404296875
118100401,107,14,14,30,5,10000,11810001,11810002,"H11810-04-01",2272.64404296875
119010401,107,0,,,,,,,"H11901-04-01",2272.64404296875
119050401,107,0,,,,,,,"H11905-04-01",2272.64404296875
119070401,107,0,,,,,,,"H11907-04-01",2272.64404296875
119100401,107,20,3,0,,,,,"H11910-04-01",2272.64404296875
120010401,107,2,10,0,,,,,"H12001-04-01",2272.64404296875
120080401,107,0,,,,,,,"H12008-04-01",1136.32202148438
120100401,107,0,,,,,,,"H12010-04-01",2272.64404296875
123060401,107,1,10,0,,,,,"H12306-04-01",2272.64404296875
124020401,107,5,43,0,,,,,"H12402-04-01",2272.64404296875
124090401,103,0,,,,,,,"H12409-04-01",2272.64404296875
124090401,107,1,13,0,,,,,"H12409-04-01",2272.64404296875
125010401,107,1,8,0,,,,,"H12501-04-01",2272.64404296875
125060401,107,1,15,0,,,,,"H12506-04-01",2272.64404296875
125100401,107,3,20,0,,,,,"H12510-04-01",2272.64404296875
125120401,107,0,,,,,,,"H12512-04-01",2272.64404296875
126040401,107,20,20,10,2,2500,12604001,,"H12604-04-01",2272.6435546875
126070401,107,12,3,0,,,,,"H12607-04-01",2272.6435546875
126100401,107,0,,,,,,,"H12610-04-01",1136.32177734375
127050401,107,1,8,0,,,,,"H12705-04-01",2272.6435546875
127090401,107,2,12,0,,,,,"H12709-04-01",1136.32177734375
127100401,107,3,30,0,,,,,"H12710-04-01",2272.6435546875
128050401,107,4,25,0,,,,,"H12805-04-01",757.547973632813
128080401,107,2,20,0,,,,,"H12808-04-01",2272.64404296875
128110401,107,3,10,0,,,,,"H12811-04-01",2272.64404296875
129010401,107,0,,,,,,,"H12901-04-01",2272.64404296875
129030401,107,1,10,0,,,,,"H12903-04-01",2272.64404296875
129050401,107,0,,,,,,,"H12905-04-01",1136.32202148438
129060401,107,3,27,0,,,,,"H12906-04-01",2272.64404296875
129080401,107,0,,,,,,,"H12908-04-01",2272.64404296875
129090402,107,2,35,0,,,,,"H12909-04-02",2272.64404296875
130020401,107,0,,,,,,,"H13002-04-01",2272.64404296875
130040401,107,0,,,,,,,"H13004-04-01",2272.64404296875
130060401,107,4,25,0,,,,,"H13006-04-01",378.773986816406
130060402,107,2,20,0,,,,,"H13006-04-02",378.773986816406
130060403,107,1,9,0,,,,,"H13006-04-03",378.773986816406
130060406,107,1,12,0,,,,,"H13006-04-06",378.773986816406
130070401,107,0,,,,,,,"H13007-04-01",2272.64404296875
130080401,107,2,18,0,,,,,"H13008-04-01",2272.64404296875
130090401,107,1,14,0,,,,,"H13009-04-01",2272.64404296875
130100401,107,0,,,,,,,"H13010-04-01",2272.64404296875
131020401,107,0,,,,,,,"H13102-04-01",1136.32202148438
131030401,107,1,13,0,,,,,"H13103-04-01",2272.64404296875
131050401,107,0,,,,,,,"H13105-04-01",1136.32202148438
131070402,107,4,15,0,,,,,"H13107-04-02",757.547973632813
131090401,107,1,12,0,,,,,"H13109-04-01",2272.64404296875
132020401,107,1,12,0,,,,,"H13202-04-01",2272.64404296875
132040401,107,4,41,0,,,,,"H13204-04-01",2272.64404296875
132080401,107,2,11,0,,,,,"H13208-04-01",1136.32202148438
133030401,107,2,18,0,,,,,"H13303-04-01",2272.6435546875
133060401,107,0,,,,,,,"H13306-04-01",2272.6435546875
133080401,107,2,18,0,,,,,"H13308-04-01",2272.6435546875
133090401,107,1,3,0,,,,,"H13309-04-01",2272.6435546875
133100401,107,0,,,,,,,"H13310-04-01",324.663391113281
133100402,107,0,,,,,,,"H13310-04-02",324.663391113281
133100405,107,0,,,,,,,"H13310-04-05",324.663391113281
133110401,107,0,,,,,,,"H13311-04-01",2272.6435546875
140010401,107,0,,,,,,,"H14001-04-01",2935.46557617188
140020401,107,0,,,,,,,"H14002-04-01",2935.46557617188
140030401,107,0,,,,,,,"H14003-04-01",978.488586425781
140030402,107,0,,,,,,,"H14003-04-02",978.488586425781
140040401,107,2,25,0,,,,,"H14004-04-01",978.488586425781
140050401,107,0,,,,,,,"H14005-04-01",2935.46557617188
140060401,107,0,,,,,,,"H14006-04-01",1467.73278808594
140080401,107,1,5,0,,,,,"H14008-04-01",1467.73278808594
140090401,107,0,,,,,,,"H14009-04-01",2935.46557617188
140100401,107,0,,,,,,,"H14010-04-01",2935.46557617188
141010401,107,2,16,0,,,,,"H14101-04-01",2935.46557617188
141040401,107,1,11,0,,,,,"H14104-04-01",1467.73278808594
141090401,107,1,12,0,,,,,"H14109-04-01",978.488586425781
141110401,107,3,20,0,,,,,"H14111-04-01",2935.46557617188
142010401,107,15,15,0,,,,,"H14201-04-01",2935.46557617188
142030401,107,2,20,0,,,,,"H14203-04-01",2935.46557617188
142060401,107,0,,,,,,,"H14206-04-01",2935.46557617188
142070401,107,1,6,0,,,,,"H14207-04-01",978.488586425781
142070402,107,0,,,,,,,"H14207-04-02",978.488586425781
142070403,107,1,6,0,,,,,"H14207-04-03",978.488586425781
142080401,107,0,,,,,,,"H14208-04-01",2935.46557617188
142090401,107,5,28,0,,,,,"H14209-04-01",2935.46557617188
143010401,107,0,,,,,,,"H14301-04-01",1467.73278808594
143010402,107,1,6,0,,,,,"H14301-04-02",1467.73278808594
143020401,107,0,,,,,,,"H14302-04-01",733.866394042969
143020404,107,1,6,0,,,,,"H14302-04-04",733.866394042969
143030401,107,3,20,15,2,5000,14303001,14303002,"H14303-04-01",2935.46557617188
143040402,107,0,,,,,,,"H14304-04-02",733.866394042969
143040404,107,5,12,0,,,,,"H14304-04-04",733.866394042969
143050401,107,0,,,,,,,"H14305-04-01",2935.46557617188
143060401,107,0,,,,,,,"H14306-04-01",1467.73278808594
143070401,107,0,,,,,,,"H14307-04-01",2935.46557617188
143080401,107,2,8,0,,,,,"H14308-04-01",1467.73278808594
143080402,107,2,12,0,,,,,"H14308-04-02",1467.73278808594
143090404,107,0,,,,,,,"H14309-04-04",587.093139648438
143090405,107,1,12,0,,,,,"H14309-04-05",587.093139648438
143100401,107,0,,,,,,,"H14310-04-01",2935.46557617188
144020401,107,0,,,,,,,"H14402-04-01",1467.73278808594
144020402,107,1,8,0,,,,,"H14402-04-02",1467.73278808594
144040401,107,1,8,0,,,,,"H14404-04-01",978.488586425781
144040402,107,0,,,,,,,"H14404-04-02",978.488586425781
144040403,107,0,,,,,,,"H14404-04-03",978.488586425781
144050401,107,2,24,0,,,,,"H14405-04-01",2935.46557617188
144070402,107,1,8,0,,,,,"H14407-04-02",1467.73278808594
144100402,107,0,,,,,,,"H14410-04-02",2935.46557617188
148010401,107,1,8,0,,,,,"H14801-04-01",1467.73278808594
148020401,107,0,,,,,,,"H14802-04-01",2935.46557617188
148030401,107,2,12,0,,,,,"H14803-04-01",2935.46557617188
148040401,107,0,,,,,,,"H14804-04-01",2935.46557617188
148050401,107,2,23,2,5,400,14805002,,"H14805-04-01",2935.46557617188
148060402,107,1,10,0,,,,,"H14806-04-02",978.488464355469
148060403,107,1,12,0,,,,,"H14806-04-03",978.488464355469
148070401,107,3,10,0,,,,,"H14807-04-01",1467.73278808594
148080401,107,1,10,0,,,,,"H14808-04-01",1467.73278808594
148080402,107,6,1,0,,,,,"H14808-04-02",1467.73278808594
148090401,107,1,8,0,,,,,"H14809-04-01",2935.46557617188
148100401,107,5,58,0,,,,,"H14810-04-01",2935.46557617188
149030401,107,1,5,0,,,,,"H14903-04-01",1467.73278808594
149030402,107,2,60,40,2,10000,14903003,,"H14903-04-02",1467.73278808594
149070401,107,1,8,0,,,,,"H14907-04-01",2935.46557617188
149080401,107,1,3,0,,,,,"H14908-04-01",2935.46557617188
149100401,107,4,60,0,,,,,"H14910-04-01",2935.46557617188
150030401,107,4,20,0,,,,,"H15003-04-01",2935.46557617188
150050401,107,3,20,10,2,3000,15005001,,"H15005-04-01",2935.46557617188
150060401,107,1,14,0,,,,,"H15006-04-01",2935.46557617188
150070401,107,0,,,,,,,"H15007-04-01",1467.73278808594
150070402,107,1,12,0,,,,,"H15007-04-02",1467.73278808594
150080401,107,2,13,0,,,,,"H15008-04-01",1467.73278808594
150090401,107,0,,,,,,,"H15009-04-01",2935.46557617188
150100401,107,8,60,12,2,3600,15010001,15010004,"H15010-04-01",2935.46557617188
151010401,107,3,18,0,,,,,"H15101-04-01",2935.46606445313
151020401,107,1,3,0,,,,,"H15102-04-01",1467.73303222656
151030401,107,2,10,0,,,,,"H15103-04-01",2935.46606445313
151040401,107,1,5,0,,,,,"H15104-04-01",2935.46606445313
151060401,107,2,9,0,,,,,"H15106-04-01",2935.46606445313
151070401,107,3,18,0,,,,,"H15107-04-01",2935.46606445313
151080401,107,2,25,0,,,,,"H15108-04-01",2935.46606445313
151090401,107,2,24,0,,,,,"H15109-04-01",1467.73303222656
151090402,107,2,13,0,,,,,"H15109-04-02",1467.73303222656
151100401,107,3,28,0,,,,,"H15110-04-01",2935.46606445313
153010401,107,0,,,,,,,"H15301-04-01",1467.73278808594
153010402,107,2,16,0,,,,,"H15301-04-02",1467.73278808594
153020401,107,5,50,10,5,2500,15302001,15302002,"H15302-04-01",2935.46557617188
153040401,107,1,12,0,,,,,"H15304-04-01",2935.46557617188
153050401,107,1,8,0,,,,,"H15305-04-01",2935.46557617188
153080401,107,1,10,0,,,,,"H15308-04-01",2935.46557617188
153090401,107,4,56,0,,,,,"H15309-04-01",1467.73278808594
153090402,107,0,,,,,,,"H15309-04-02",1467.73278808594
153100401,107,3,42,0,,,,,"H15310-04-01",2935.46557617188
155020401,107,3,16,0,,,,,"H15502-04-01",2935.46557617188
155040401,107,0,,,,,,,"H15504-04-01",2935.46557617188
155050401,107,3,32,0,,,,,"H15505-04-01",1467.73278808594
155050402,107,4,50,0,,,,,"H15505-04-02",1467.73278808594
155080401,107,1,6,0,,,,,"H15508-04-01",2935.46557617188
155090401,107,1,6,0,,,,,"H15509-04-01",2935.46557617188
155100401,107,2,12,0,,,,,"H15510-04-01",2935.46557617188
159020401,107,1,6,0,,,,,"H15902-04-01",2935.46606445313
159030401,107,3,30,0,,,,,"H15903-04-01",2935.46606445313
159040401,107,1,10,0,,,,,"H15904-04-01",2935.46606445313
159050401,107,3,12,0,,,,,"H15905-04-01",2935.46606445313
159070401,107,0,,,,,,,"H15907-04-01",1467.73303222656
159090402,107,1,8,0,,,,,"H15909-04-02",978.488708496094
159090403,107,2,16,0,,,,,"H15909-04-03",978.488708496094
162030401,107,0,,,,,,,"H16203-04-01",2935.46557617188
162040401,107,0,,,,,,,"H16204-04-01",2935.46557617188
162050401,107,2,10,0,,,,,"H16205-04-01",2935.46557617188
162070401,107,1,7,0,,,,,"H16207-04-01",2935.46557617188
162090401,107,0,,,,,,,"H16209-04-01",2935.46557617188
162100401,107,3,19,0,,,,,"H16210-04-01",2935.46557617188
163040401,107,3,4,0,,,,,"H16304-04-01",2935.46557617188
163070401,107,0,,,,,,,"H16307-04-01",2935.46557617188
163080401,107,0,,,,,,,"H16308-04-01",1467.73278808594
163100401,107,1,10,0,,,,,"H16310-04-01",2935.46557617188
164010401,107,3,25,0,,,,,"H16401-04-01",2935.46557617188
164020401,107,0,,,,,,,"H16402-04-01",2935.46557617188
164040401,107,0,,,,,,,"H16404-04-01",2935.46557617188
164050401,107,0,,,,,,,"H16405-04-01",1467.73278808594
164050402,107,0,,,,,,,"H16405-04-02",1467.73278808594
164080401,107,0,,,,,,,"H16408-04-01",2935.46557617188
164090401,107,0,,,,,,,"H16409-04-01",733.866394042969
164090402,107,0,,,,,,,"H16409-04-02",733.866394042969
164090403,107,0,,,,,,,"H16409-04-03",733.866394042969
164090404,107,1,5,0,,,,,"H16409-04-04",733.866394042969
164100401,107,1,8,0,,,,,"H16410-04-01",2935.46557617188
165010401,107,0,,,,,,,"H16501-04-01",1467.73278808594
165010402,107,9,30,0,,,,,"H16501-04-02",1467.73278808594
165020401,107,1,8,0,,,,,"H16502-04-01",2935.46557617188
165070401,107,1,23,0,,,,,"H16507-04-01",2935.46557617188
165080401,107,2,12,0,,,,,"H16508-04-01",2935.46557617188
165090401,107,5,19,0,,,,,"H16509-04-01",2935.46557617188
165100401,107,5,15,0,,,,,"H16510-04-01",2935.46557617188
166060401,107,1,10,0,,,,,"H16606-04-01",2935.46557617188
166070401,107,2,30,0,,,,,"H16607-04-01",2935.46557617188
166090401,107,3,23,0,,,,,"H16609-04-01",2935.46557617188
166110401,107,0,,,,,,,"H16611-04-01",2935.46557617188
167010401,107,0,,,,,,,"H16701-04-01",2935.46557617188
167020401,107,4,45,0,,,,,"H16702-04-01",2935.46557617188
167040401,107,0,,,,,,,"H16704-04-01",1467.73278808594
167040402,107,0,,,,,,,"H16704-04-02",1467.73278808594
167050401,107,1,9,0,,,,,"H16705-04-01",2935.46557617188
167070401,107,0,,,,,,,"H16707-04-01",2935.46557617188
168020401,107,3,25,0,,,,,"H16802-04-01",2935.46606445313
168030401,107,2,20,0,,,,,"H16803-04-01",2935.46606445313
168040403,107,1,10,0,,,,,"H16804-04-03",1467.73303222656
168060401,107,0,,,,,,,"H16806-04-01",1467.73303222656
168070401,107,0,,,,,,,"H16807-04-01",2935.46606445313
168090403,107,0,,,,,,,"H16809-04-03",978.488708496094
168100401,107,0,,,,,,,"H16810-04-01",2935.46606445313
170020401,107,0,,,,,,,"H17002-04-01",2935.46557617188
170030401,107,2,27,0,,,,,"H17003-04-01",2935.46557617188
170050401,107,2,21,0,,,,,"H17005-04-01",2935.46557617188
170060401,107,3,30,0,,,,,"H17006-04-01",2935.46557617188
170090401,107,2,22,0,,,,,"H17009-04-01",1467.73278808594
170090402,107,1,6,0,,,,,"H17009-04-02",1467.73278808594
170100401,107,0,,,,,,,"H17010-04-01",1467.73278808594
171020401,107,1,8,0,,,,,"H17102-04-01",2935.46557617188
171050401,107,0,,,,,,,"H17105-04-01",2935.46557617188
171080401,107,4,15,0,,,,,"H17108-04-01",2935.46557617188
171090401,107,1,8,0,,,,,"H17109-04-01",2935.46557617188
171100401,107,4,65,0,,,,,"H17110-04-01",2935.46557617188
172050401,107,2,20,0,,,,,"H17205-04-01",2272.64404296875
172060401,107,0,,,,,,,"H17206-04-01",2272.64404296875
172070401,107,1,18,0,,,,,"H17207-04-01",1136.32202148438
173010401,107,1,10,0,,,,,"H17301-04-01",2272.64404296875
173080401,107,0,,,,,,,"H17308-04-01",2272.64404296875
173100401,107,3,24,0,,,,,"H17310-04-01",2272.64404296875
174010401,107,0,,,,,,,"H17401-04-01",1467.73278808594
174030401,107,0,,,,,,,"H17403-04-01",2935.46557617188
174040401,107,2,16,0,,,,,"H17404-04-01",2935.46557617188
174080401,107,1,5,0,,,,,"H17408-04-01",2935.46557617188
174090401,107,0,,,,,,,"H17409-04-01",2935.46557617188
175020401,107,2,30,0,,,,,"H17502-04-01",2935.46557617188
175030401,107,3,35,0,,,,,"H17503-04-01",2935.46557617188
175040402,107,4,60,0,,,,,"H17504-04-02",2935.46557617188
175070401,107,1,9,0,,,,,"H17507-04-01",2935.46557617188
175110401,107,1,16,0,,,,,"H17511-04-01",978.488586425781
175110402,107,2,10,0,,,,,"H17511-04-02",978.488586425781
176010401,107,0,,,,,,,"H17601-04-01",2935.46557617188
176040401,107,1,12,0,,,,,"H17604-04-01",2935.46557617188
176050401,107,1,8,0,,,,,"H17605-04-01",2935.46557617188
176060401,107,1,10,0,,,,,"H17606-04-01",2935.46557617188
176080401,107,1,10,0,,,,,"H17608-04-01",1467.73278808594
176080402,107,3,8,0,,,,,"H17608-04-02",1467.73278808594
176090401,107,1,10,0,,,,,"H17609-04-01",2935.46557617188
176100401,107,0,,,,,,,"H17610-04-01",2935.46557617188
177010401,107,1,13,7,5,1400,17701001,,"H17701-04-01",2935.46557617188
177030401,107,0,,,,,,,"H17703-04-01",2935.46557617188
177040401,107,0,,,,,,,"H17704-04-01",2935.46557617188
177070403,107,1,3,0,,,,,"H17707-04-03",978.488586425781
177080401,107,1,10,0,,,,,"H17708-04-01",1467.73278808594
177080402,107,4,45,30,2,9000,17708005,17708016,"H17708-04-02",1467.73278808594
177090401,107,1,3,0,,,,,"H17709-04-01",2935.46557617188
177100401,107,2,20,0,,,,,"H17710-04-01",2935.46557617188
180010401,107,0,,,,,,,"H18001-04-01",1102.41516113281
180010402,107,0,,,,,,,"H18001-04-02",1102.41516113281
180100401,107,0,,,,,,,"H18010-04-01",2204.83032226563
180130401,107,0,,,,,,,"H18013-04-01",2204.83032226563
181020401,107,3,32,0,,,,,"H18102-04-01",2204.83032226563
181030401,107,2,20,0,,,,,"H18103-04-01",734.943481445313
181030402,107,2,24,0,,,,,"H18103-04-02",734.943481445313
181040401,107,0,,,,,,,"H18104-04-01",551.207580566406
181040403,107,0,,,,,,,"H18104-04-03",551.207580566406
181040404,107,0,,,,,,,"H18104-04-04",551.207580566406
181050401,107,0,,,,,,,"H18105-04-01",2204.83032226563
181060401,107,1,11,0,,,,,"H18106-04-01",2204.83032226563
181070401,107,1,13,0,,,,,"H18107-04-01",2204.83032226563
181080401,107,6,53,0,,,,,"H18108-04-01",2204.83032226563
181090401,107,3,34,0,,,,,"H18109-04-01",2204.83032226563
182020402,107,2,26,0,,,,,"H18202-04-02",367.4716796875
182020403,107,1,12,0,,,,,"H18202-04-03",367.4716796875
182020404,107,1,12,0,,,,,"H18202-04-04",367.4716796875
182020405,107,3,36,0,,,,,"H18202-04-05",367.4716796875
182030401,107,0,,,,,,,"H18203-04-01",2204.83032226563
182050401,107,3,36,0,,,,,"H18205-04-01",1102.41516113281
182060401,107,2,23,0,,,,,"H18206-04-01",1102.41516113281
182060402,107,1,15,0,,,,,"H18206-04-02",1102.41516113281
182070401,107,2,28000,0,,,,,"H18207-04-01",1102.41516113281
182080401,107,4,48,0,,,,,"H18208-04-01",2204.83032226563
182090401,107,2,16,0,,,,,"H18209-04-01",1102.41516113281
182090402,107,3,15,0,,,,,"H18209-04-02",1102.41516113281
182100401,107,5,20,0,,,,,"H18210-04-01",440.966064453125
182100402,107,0,,,,,,,"H18210-04-02",440.966064453125
183010401,107,0,,,,,,,"H18301-04-01",314.975738525391
183010402,107,0,,,,,,,"H18301-04-02",314.975738525391
183010403,107,0,,,,,,,"H18301-04-03",314.975738525391
183010404,107,0,,,,,,,"H18301-04-04",314.975738525391
183010405,107,0,,,,,,,"H18301-04-05",314.975738525391
183010406,107,10,10,0,,,,,"H18301-04-06",314.975738525391
183010407,107,0,,,,,,,"H18301-04-07",314.975738525391
183030401,107,3,28,0,,,,,"H18303-04-01",2204.83032226563
183050401,107,2,33,0,,,,,"H18305-04-01",2204.83032226563
183060401,107,0,,,,,,,"H18306-04-01",2204.83032226563
183070401,107,20,10,0,,,,,"H18307-04-01",2204.83032226563
183090401,107,1,15,0,,,,,"H18309-04-01",2204.83032226563
183110401,107,2,19,0,,,,,"H18311-04-01",1102.41516113281
186010401,107,0,,,,,,,"H18601-04-01",551.207580566406
186010402,107,0,,,,,,,"H18601-04-02",551.207580566406
186010403,107,0,,,,,,,"H18601-04-03",551.207580566406
186010404,107,0,,,,,,,"H18601-04-04",551.207580566406
186020401,107,2,16,0,,,,,"H18602-04-01",2204.83032226563
186030401,107,5,43,0,,,,,"H18603-04-01",2204.83032226563
186040401,107,4,36,0,,,,,"H18604-04-01",2204.83032226563
186050401,107,0,,,,,,,"H18605-04-01",2204.83032226563
186060401,107,0,,,,,,,"H18606-04-01",2204.83032226563
186070401,107,0,,,,,,,"H18607-04-01",2204.83032226563
186080401,107,0,,,,,,,"H18608-04-01",2204.83032226563
186090401,107,0,,,,,,,"H18609-04-01",2204.83032226563
186100401,107,10,60,0,,,,,"H18610-04-01",2204.83032226563
187120401,107,4,38,0,,,,,"H18712-04-01",2204.83032226563
188010401,107,0,,,,,,,"H18801-04-01",1102.41516113281
188010402,107,0,,,,,,,"H18801-04-02",1102.41516113281
188030401,107,0,,,,,,,"H18803-04-01",2204.83032226563
188040401,107,2,23,0,,,,,"H18804-04-01",2204.83032226563
188050401,107,0,,,,,,,"H18805-04-01",2204.83032226563
188060401,107,0,,,,,,,"H18806-04-01",734.943481445313
188060402,107,0,,,,,,,"H18806-04-02",734.943481445313
188070401,107,0,,,,,,,"H18807-04-01",1102.41516113281
188080401,107,34,34,0,,,,,"H18808-04-01",734.943481445313
188080402,107,0,,,,,,,"H18808-04-02",734.943481445313
188080403,107,0,,,,,,,"H18808-04-03",734.943481445313
188090401,107,0,,,,,,,"H18809-04-01",2204.83032226563
189010401,107,0,,,,,,,"H18901-04-01",2204.83032226563
189020401,107,0,,,,,,,"H18902-04-01",2204.83032226563
189040401,107,3,32,0,,,,,"H18904-04-01",2204.83032226563
189050401,107,1,10,0,,,,,"H18905-04-01",2204.83032226563
189080401,107,0,,,,,,,"H18908-04-01",2204.83032226563
189090401,107,2,15,0,,,,,"H18909-04-01",2204.83032226563
189100401,107,4,48,0,,,,,"H18910-04-01",2204.83032226563
190010401,107,0,,,,,,,"H19001-04-01",1102.41516113281
190010402,107,0,,,,,,,"H19001-04-02",1102.41516113281
190020401,107,3,30,0,,,,,"H19002-04-01",2204.83032226563
190040401,107,2,2,0,,,,,"H19004-04-01",2204.83032226563
190050401,107,1,8,0,,,,,"H19005-04-01",2204.83032226563
190060401,107,0,,,,,,,"H19006-04-01",2204.83032226563
190070401,107,0,,,,,,,"H19007-04-01",2204.83032226563
190080401,107,2,10,0,,,,,"H19008-04-01",551.207580566406
190080402,107,1,10,0,,,,,"H19008-04-02",551.207580566406
190080403,107,0,,,,,,,"H19008-04-03",551.207580566406
190080404,107,2,23,0,,,,,"H19008-04-04",551.207580566406
190100401,107,3,30,0,,,,,"H19010-04-01",2204.83032226563
191010401,107,1,7,0,,,,,"H19101-04-01",2204.83032226563
191020401,107,2,15,0,,,,,"H19102-04-01",2204.83032226563
191030401,107,1,10,0,,,,,"H19103-04-01",2204.83032226563
191050401,107,0,,,,,,,"H19105-04-01",2204.83032226563
191070401,107,0,,,,,,,"H19107-04-01",734.943359375
191070402,107,0,,,,,,,"H19107-04-02",734.943359375
191070403,107,0,,,,,,,"H19107-04-03",734.943359375
191080401,107,1,10,0,,,,,"H19108-04-01",734.943359375
191080402,107,1,12,0,,,,,"H19108-04-02",734.943359375
191080403,107,0,,,,,,,"H19108-04-03",734.943359375
191090401,107,0,,,,,,,"H19109-04-01",2204.83032226563
191100401,107,0,,,,,,,"H19110-04-01",2204.83032226563
192010401,107,3,40,0,,,,,"H19201-04-01",2204.83032226563
192030401,107,1,15,0,,,,,"H19203-04-01",2204.83032226563
192050401,107,2,13,0,,,,,"H19205-04-01",1102.41516113281
192050403,107,1,13,0,,,,,"H19205-04-03",1102.41516113281
192070401,107,2,32,0,,,,,"H19207-04-01",2204.83032226563
192080401,107,4,32,0,,,,,"H19208-04-01",2204.83032226563
192100401,107,2,24,0,,,,,"H19210-04-01",2204.83032226563
192110401,107,0,,,,,,,"H19211-04-01",2204.83032226563
192120402,107,0,,,,,,,"H19212-04-02",734.943359375
194020401,107,0,,,,,,,"H19402-04-01",2464.5224609375
195010401,107,3,31,0,,,,,"H19501-04-01",2464.5224609375
195020401,107,1,12,0,,,,,"H19502-04-01",2464.5224609375
195050401,107,2,20,0,,,,,"H19505-04-01",2464.5224609375
195060401,107,0,,,,,,,"H19506-04-01",2464.5224609375
195070401,107,0,,,,,,,"H19507-04-01",2464.5224609375
195080401,107,1,10,0,,,,,"H19508-04-01",2464.5224609375
195090401,107,0,,,,,,,"H19509-04-01",2464.5224609375
196020401,107,1,15,0,,,,,"H19602-04-01",1232.26123046875
196020402,107,5,45,0,,,,,"H19602-04-02",1232.26123046875
196030401,107,0,,,,,,,"H19603-04-01",2464.5224609375
196040401,107,2,18,0,,,,,"H19604-04-01",2464.5224609375
196090401,107,0,,,,,,,"H19609-04-01",2464.5224609375
197030401,107,0,,,,,,,"H19703-04-01",1232.26123046875
197040401,107,0,,,,,,,"H19704-04-01",2464.5224609375
197070401,107,0,,,,,,,"H19707-04-01",2464.5224609375
197090401,107,1,12,0,,,,,"H19709-04-01",2464.5224609375
200020401,107,0,,,,,,,"H20002-04-01",2464.5224609375
200030401,107,0,,,,,,,"H20003-04-01",2464.5224609375
200040401,107,24,8,0,,,,,"H20004-04-01",2464.5224609375
200050401,107,3,25,0,,,,,"H20005-04-01",1232.26123046875
200090401,107,0,,,,,,,"H20009-04-01",2464.5224609375
200110401,107,0,,,,,,,"H20011-04-01",2464.5224609375
202010401,107,3,30,0,,,,,"H20201-04-01",2464.5224609375
202020401,107,0,,,,,,,"H20202-04-01",2464.5224609375
202030401,107,5,15,0,,,,,"H20203-04-01",1232.26123046875
202060401,107,0,,,,,,,"H20206-04-01",2464.5224609375
202070401,107,0,,,,,,,"H20207-04-01",1232.26123046875
202070402,107,0,,,,,,,"H20207-04-02",1232.26123046875
202080401,107,0,,,,,,,"H20208-04-01",2464.5224609375
202090401,107,13,13,0,,,,,"H20209-04-01",2464.5224609375
202100402,107,21,21,0,,,,,"H20210-04-02",821.507507324219
202100403,107,1,6,0,,,,,"H20210-04-03",821.507507324219
203030401,107,1,2,0,,,,,"H20303-04-01",2464.5224609375
203050401,107,1,8,0,,,,,"H20305-04-01",2464.5224609375
203070401,107,5,46,0,,,,,"H20307-04-01",2464.5224609375
203100402,107,5,21,0,,,,,"H20310-04-02",1232.26123046875
204010401,107,2,8,0,,,,,"H20401-04-01",2464.5224609375
204020401,107,1,10,0,,,,,"H20402-04-01",2464.5224609375
204030401,107,0,,,,,,,"H20403-04-01",2464.5224609375
204040401,107,0,,,,,,,"H20404-04-01",2464.5224609375
204070401,107,2,10,0,,,,,"H20407-04-01",2464.5224609375
204090401,107,0,,,,,,,"H20409-04-01",2464.5224609375
204110401,107,1,13,0,,,,,"H20411-04-01",2464.5224609375
205070402,107,0,,,,,,,"H20507-04-02",1102.41516113281
205080401,107,0,,,,,,,"H20508-04-01",2204.83032226563
206010402,107,0,,,,,,,"H20601-04-02",1102.41516113281
206030402,107,0,,,,,,,"H20603-04-02",734.943359375
206040401,107,1,11,0,,,,,"H20604-04-01",2204.83032226563
206060401,107,2,25,0,,,,,"H20606-04-01",1102.41516113281
206100403,107,0,,,,,,,"H20610-04-03",734.943359375
206100404,107,0,,,,,,,"H20610-04-04",734.943359375
206110402,107,2,30,0,,,,,"H20611-04-02",2204.83032226563
208010401,107,0,,,,,,,"H20801-04-01",2204.83032226563
208020401,107,3,32,0,,,,,"H20802-04-01",2204.83032226563
208030401,107,1,5,0,,,,,"H20803-04-01",2204.83032226563
208040401,107,0,,,,,,,"H20804-04-01",2204.83032226563
208070401,107,4,41,0,,,,,"H20807-04-01",2204.83032226563
208100401,107,2,16,0,,,,,"H20810-04-01",2204.83032226563
208110401,107,3,36,0,,,,,"H20811-04-01",440.966064453125
208110402,107,1,10,0,,,,,"H20811-04-02",440.966064453125
208110403,107,3,40,0,,,,,"H20811-04-03",440.966064453125
209020401,107,2,24,0,,,,,"H20902-04-01",2204.83032226563
209030402,107,2,34,0,,,,,"H20903-04-02",1102.41516113281
209030403,107,0,,,,,,,"H20903-04-03",1102.41516113281
209040401,107,0,,,,,,,"H20904-04-01",2204.83032226563
209050402,107,3,15,0,,,,,"H20905-04-02",1102.41516113281
209060401,107,2,5,0,,,,,"H20906-04-01",1102.41516113281
209060403,107,2,22,0,,,,,"H20906-04-03",1102.41516113281
209070401,107,0,,,,,,,"H20907-04-01",2204.83032226563
209080401,107,3,40,0,,,,,"H20908-04-01",1102.41516113281
209090401,107,1,10,0,,,,,"H20909-04-01",2204.83032226563
209100401,107,5,60,0,,,,,"H20910-04-01",2204.83032226563
211010401,107,2,26,0,,,,,"H21101-04-01",2204.83032226563
211030401,107,0,,,,,,,"H21103-04-01",2204.83032226563
211050401,107,3,53,0,,,,,"H21105-04-01",2204.83032226563
211060401,107,4,18,0,,,,,"H21106-04-01",2204.83032226563
211070401,107,4,58,0,,,,,"H21107-04-01",2204.83032226563
211080401,107,0,,,,,,,"H21108-04-01",2204.83032226563
211090401,107,3,31,0,,,,,"H21109-04-01",2204.83032226563
214010401,107,0,,,,,,,"H21401-04-01",943.790832519531
214010402,107,0,,,,,,,"H21401-04-02",943.790832519531
214060401,107,1,8,0,,,,,"H21406-04-01",1887.58166503906
214080401,107,1,8,0,,,,,"H21408-04-01",1887.58166503906
214090401,107,0,,,,,,,"H21409-04-01",1887.58166503906
215020401,107,0,,,,,,,"H21502-04-01",1887.58166503906
215060401,107,0,,,,,,,"H21506-04-01",1887.58166503906
216010401,107,1,12,0,,,,,"H21601-04-01",1887.58166503906
216020401,107,0,,,,,,,"H21602-04-01",1887.58166503906
216090401,107,0,,,,,,,"H21609-04-01",1887.58166503906
216100401,107,0,,,,,,,"H21610-04-01",1887.58166503906
217040401,107,0,,,,,,,"H21704-04-01",1887.58166503906
217060401,107,0,,,,,,,"H21706-04-01",1887.58166503906
217110401,107,0,,,,,,,"H21711-04-01",1887.58166503906
220040401,107,0,,,,,,,"H22004-04-01",551.207580566406
220040404,107,0,,,,,,,"H22004-04-04",551.207580566406
220060401,107,0,,,,,,,"H22006-04-01",2204.83032226563
220140401,107,2,29,0,,,,,"H22014-04-01",2204.83032226563
221010401,107,0,,,,,,,"H22101-04-01",734.943481445313
221020402,107,2,23,0,,,,,"H22102-04-02",2204.83032226563
221030401,107,1,10,0,,,,,"H22103-04-01",2204.83032226563
221050401,107,1,6,0,,,,,"H22105-04-01",2204.83032226563
221090401,107,1,12,0,,,,,"H22109-04-01",2204.83032226563
221100402,107,0,,,,,,,"H22110-04-02",367.471740722656
221100403,107,0,,,,,,,"H22110-04-03",367.471740722656
221100404,107,3,15,0,,,,,"H22110-04-04",367.471740722656
221100405,107,2,24,0,,,,,"H22110-04-05",367.471740722656
221100406,107,0,,,,,,,"H22110-04-06",367.471740722656
221110401,107,0,,,,,,,"H22111-04-01",2204.83032226563
223020401,107,0,,,,,,,"H22302-04-01",2204.83032226563
223030401,107,0,,,,,,,"H22303-04-01",551.207580566406
223030404,107,8,76,0,,,,,"H22303-04-04",551.207580566406
223050401,107,3,43,0,,,,,"H22305-04-01",2204.83032226563
223070401,107,2,27,0,,,,,"H22307-04-01",2204.83032226563
223090401,107,0,,,,,,,"H22309-04-01",1102.41516113281
223090402,107,0,,,,,,,"H22309-04-02",1102.41516113281
224010401,107,2,20,0,,,,,"H22401-04-01",1102.41516113281
224010402,107,1,13,0,,,,,"H22401-04-02",1102.41516113281
224070401,107,0,,,,,,,"H22407-04-01",734.943359375
224080401,107,1,12,0,,,,,"H22408-04-01",2204.83032226563
224090401,107,1,12,0,,,,,"H22409-04-01",2204.83032226563
224100401,107,4,44,0,,,,,"H22410-04-01",2204.83032226563
225010401,107,2,19,0,,,,,"H22501-04-01",2204.83032226563
225020401,107,3,40,0,,,,,"H22502-04-01",1102.41516113281
225020402,107,0,,,,,,,"H22502-04-02",1102.41516113281
225030401,107,0,,,,,,,"H22503-04-01",1102.41516113281
225030402,107,0,,,,,,,"H22503-04-02",1102.41516113281
225040401,107,3,30,0,,,,,"H22504-04-01",2204.83032226563
225050401,107,3,34,0,,,,,"H22505-04-01",2204.83032226563
225060401,107,3,36,0,,,,,"H22506-04-01",2204.83032226563
225070401,107,0,,,,,,,"H22507-04-01",2204.83032226563
225090401,107,0,,,,,,,"H22509-04-01",2204.83032226563
225100401,107,2,24,0,,,,,"H22510-04-01",2204.83032226563
228020401,107,2,25,0,,,,,"H22802-04-01",2204.83032226563
228030401,107,0,,,,,,,"H22803-04-01",2204.83032226563
228060401,107,1,10,0,,,,,"H22806-04-01",2204.83032226563
228070401,107,0,,,,,,,"H22807-04-01",2204.83032226563
231020401,107,3,40,0,,,,,"H23102-04-01",2204.83032226563
231030401,107,1,3,0,,,,,"H23103-04-01",1102.41516113281
231030402,107,1,10,0,,,,,"H23103-04-02",1102.41516113281
231040401,107,0,,,,,,,"H23104-04-01",1102.41516113281
231050401,107,5,54,0,,,,,"H23105-04-01",2204.83032226563
231060401,107,1,10,0,,,,,"H23106-04-01",2204.83032226563
231070401,107,1,16,0,,,,,"H23107-04-01",2204.83032226563
231080401,107,2,26,0,,,,,"H23108-04-01",2204.83032226563
231090401,107,0,,,,,,,"H23109-04-01",734.943359375
231090403,107,0,,,,,,,"H23109-04-03",734.943359375
231100401,107,1,13,0,,,,,"H23110-04-01",2204.83032226563
233040401,107,1,10,0,,,,,"H23304-04-01",1887.58166503906
233070401,107,0,,,,,,,"H23307-04-01",1887.58166503906
233120401,107,1,10,0,,,,,"H23312-04-01",1887.58166503906
234060401,107,1,10,0,,,,,"H23406-04-01",1887.58166503906
234070401,107,2,15,0,,,,,"H23407-04-01",943.790832519531
235030401,107,0,,,,,,,"H23503-04-01",616.130615234375
235040401,107,0,,,,,,,"H23504-04-01",2464.5224609375
235060402,107,1,10,0,,,,,"H23506-04-02",1232.26123046875
235090401,107,0,,,,,,,"H23509-04-01",821.507507324219
235090403,107,0,,,,,,,"H23509-04-03",821.507507324219
235100401,107,1,12,0,,,,,"H23510-04-01",1232.26123046875
235130401,107,2,17,0,,,,,"H23513-04-01",2464.5224609375
236010402,107,0,,,,,,,"H23601-04-02",821.507507324219
236040401,107,0,,,,,,,"H23604-04-01",2464.5224609375
236050401,107,3,25,0,,,,,"H23605-04-01",2464.5224609375
236060401,107,3,15,0,,,,,"H23606-04-01",2464.5224609375
236070401,107,26,34,0,,,,,"H23607-04-01",492.904541015625
236070402,103,50,15,0,,,,,"H23607-04-02",492.904541015625
236070403,107,0,,,,,,,"H23607-04-03",492.904541015625
236070404,107,0,,,,,,,"H23607-04-04",492.904541015625
236070405,107,22,10,0,,,,,"H23607-04-05",492.904541015625
236080401,107,2,8,0,,,,,"H23608-04-01",2464.5224609375
237010401,107,0,,,,,,,"H23701-04-01",1232.26123046875
237050401,107,2,12,0,,,,,"H23705-04-01",2464.5224609375
237080402,107,2,20,0,,,,,"H23708-04-02",821.507446289063
238040401,107,1,5,0,,,,,"H23804-04-01",2464.5224609375
238100401,107,0,,,,,,,"H23810-04-01",2464.5224609375
238110401,107,3,30,0,,,,,"H23811-04-01",2464.5224609375
239010401,107,2,26,0,,,,,"H23901-04-01",2464.5224609375
239030401,107,0,,,,,,,"H23903-04-01",2464.5224609375
239050401,107,0,,,,,,,"H23905-04-01",1232.26123046875
239060401,107,1,14,0,,,,,"H23906-04-01",2464.5224609375
239070401,107,0,,,,,,,"H23907-04-01",2464.5224609375
242010401,107,1,9,0,,,,,"H24201-04-01",2464.5224609375
242020401,107,2,16,0,,,,,"H24202-04-01",2464.5224609375
242030401,107,2,13,0,,,,,"H24203-04-01",1232.26123046875
242090401,107,1,10,0,,,,,"H24209-04-01",1232.26123046875
242100401,107,1,8,0,,,,,"H24210-04-01",1232.26123046875
242100402,107,1,6,0,,,,,"H24210-04-02",1232.26123046875
244010401,107,0,,,,,,,"H24401-04-01",821.507507324219
244030401,107,2,23,0,,,,,"H24403-04-01",1232.26123046875
245060401,107,0,,,,,,,"H24506-04-01",943.790832519531
245070401,107,1,6,0,,,,,"H24507-04-01",1887.58166503906
245110401,107,0,,,,,,,"H24511-04-01",1887.58166503906
246060401,107,0,,,,,,,"H24606-04-01",1887.58166503906
248020401,107,0,,,,,,,"H24802-04-01",1232.26123046875
248020402,107,1,13,0,,,,,"H24802-04-02",1232.26123046875
248030401,107,0,,,,,,,"H24803-04-01",2464.5224609375
248060401,107,1,10,0,,,,,"H24806-04-01",2464.5224609375
248090401,107,1,6,0,,,,,"H24809-04-01",2464.5224609375
248110401,107,3,5,0,,,,,"H24811-04-01",2464.5224609375
250010401,107,6,72,8,4,2400,25001001,25001008,"H25001-04-01",2464.5224609375
250020401,107,3,18,0,,,,,"H25002-04-01",2464.5224609375
250050401,107,1,7,0,,,,,"H25005-04-01",2464.5224609375
250080401,107,2,12,0,,,,,"H25008-04-01",2464.5224609375
250090401,107,1,6,0,,,,,"H25009-04-01",2464.5224609375
250110401,107,1,10,0,,,,,"H25011-04-01",2464.5224609375
252030401,107,2,29,0,,,,,"H25203-04-01",3443.49438476563
252040401,107,12,12,0,,,,,"H25204-04-01",1721.74719238281
252040402,107,36,7,0,,,,,"H25204-04-02",1721.74719238281
252100401,107,26,17,0,,,,,"H25210-04-01",3443.49438476563
256050401,107,0,,,,,,,"H25605-04-01",2437.24829101563
256100401,107,2,30,0,,,,,"H25610-04-01",812.416076660156
257020401,107,2,30,30,2,9000,25702003,25702006,"H25702-04-01",1218.6240234375
259040401,107,2,30,0,,,,,"H25904-04-01",2437.24829101563
259060401,107,1,45,20,5,6000,25906002,25906001,"H25906-04-01",1218.62414550781
260090401,107,0,,,,,,,"H26009-04-01",573.915710449219
260100401,107,24,10,0,,,,,"H26010-04-01",3443.49438476563
260120401,107,5,30,0,,,,,"H26012-04-01",3443.49438476563
261060402,107,1,4,0,,,,,"H26106-04-02",1721.74743652344
261070401,107,0,,,,,,,"H26107-04-01",3443.49487304688
261080401,107,5,5,0,,,,,"H26108-04-01",3443.49487304688
261110401,107,2,16,0,,,,,"H26111-04-01",3443.49487304688
262010401,107,0,,,,,,,"H26201-04-01",1721.74743652344
262040401,107,4,40,0,,,,,"H26204-04-01",3443.49487304688
262050401,107,0,,,,,,,"H26205-04-01",3443.49487304688
262070401,107,19,8,0,,,,,"H26207-04-01",3443.49487304688
262090401,107,0,,,,,,,"H26209-04-01",688.698974609375
262090404,107,1,10,0,,,,,"H26209-04-04",688.698974609375
262100401,107,3,12,0,,,,,"H26210-04-01",3443.49487304688
263020401,107,24,10,0,,,,,"H26302-04-01",3443.49438476563
263070401,107,17,17,0,,,,,"H26307-04-01",3443.49438476563
264060401,107,3,20,0,,,,,"H26406-04-01",3443.49487304688
264070401,107,20,10,0,,,,,"H26407-04-01",3443.49487304688
264110401,107,3,21,0,,,,,"H26411-04-01",860.873718261719
265020401,107,15,10,0,,,,,"H26502-04-01",812.415954589844
266020401,107,0,,,,,,,"H26602-04-01",1218.6240234375
270050401,107,0,,,,,,,"H27005-04-01",3443.49438476563
271030401,107,0,,,,,,,"H27103-04-01",3443.49438476563
271060402,107,0,,,,,,,"H27106-04-02",1147.83142089844
271080401,107,2,10,0,,,,,"H27108-04-01",3443.49438476563
274020401,107,0,,,,,,,"H27402-04-01",1721.74743652344
274020402,107,0,,,,,,,"H27402-04-02",1721.74743652344
274030401,107,0,,,,,,,"H27403-04-01",3443.49487304688
274040401,107,5,20,10,4,3500,27404001,27404002,"H27404-04-01",1721.74743652344
278050402,107,0,,,,,,,"H27805-04-02",1721.74719238281
278060401,107,0,,,,,,,"H27806-04-01",1721.74719238281
278060402,107,0,,,,,,,"H27806-04-02",1721.74719238281
278100401,107,60,10,50,4,15000,27810002,27810003,"H27810-04-01",3443.49438476563
279010401,107,0,,,,,,,"H27901-04-01",3443.49438476563
279020401,107,0,,,,,,,"H27902-04-01",3443.49438476563
279030401,107,3,3,0,,,,,"H27903-04-01",3443.49438476563
279040401,107,45,38,0,,,,,"H27904-04-01",3443.49438476563
279080401,107,0,,,,,,,"H27908-04-01",1721.74719238281
279090401,107,0,,,,,,,"H27909-04-01",3443.49438476563
281020401,107,20,15,0,,,,,"H28102-04-01",3443.49438476563
281050401,107,10,4,0,,,,,"H28105-04-01",3443.49438476563
281060401,107,2,16,0,,,,,"H28106-04-01",3443.49438476563
281070401,107,0,,,,,,,"H28107-04-01",3443.49438476563
281080402,107,4,36,0,,,,,"H28108-04-02",1721.74719238281
281090402,107,2,11,0,,,,,"H28109-04-02",1721.74719238281
282090401,107,24,24,0,,,,,"H28209-04-01",3443.49487304688
282100401,107,2,15,0,,,,,"H28210-04-01",3443.49487304688
283100401,107,20,8,10,4,3000,28310017,28310004,"H28310-04-01",3443.49438476563
285030401,107,12,12,0,,,,,"H28503-04-01",2437.248046875
285040401,107,10,10,0,,,,,"H28504-04-01",2437.248046875
285060401,107,3,25,20,2,5000,28506003,28506004,"H28506-04-01",2437.248046875
287100401,107,4,30,0,,,,,"H28710-04-01",3443.49438476563
290030401,107,21,5,0,,,,,"H29003-04-01",3443.49438476563
290040401,107,2,14,0,,,,,"H29004-04-01",3443.49438476563
290050401,107,2,10,0,,,,,"H29005-04-01",3443.49438476563
294030401,107,3,20,0,,,,,"H29403-04-01",2437.248046875
295020401,107,3,600,500,2,200000,29502001,29502002,"H29502-04-01",2437.248046875
295030401,107,12,12,0,,,,,"H29503-04-01",2437.248046875
296020401,107,2,20,0,,,,,"H29602-04-01",812.415954589844
296070401,107,2,45,0,,,,,"H29607-04-01",2437.248046875
296100401,107,0,,,,,,,"H29610-04-01",2437.248046875
296110401,107,3,40,0,,,,,"H29611-04-01",2437.248046875
297050401,107,12,8,8,2,2400,29705001,29705002,"H29705-04-01",2437.24829101563
297060402,107,30,12,0,,,,,"H29706-04-02",812.416076660156
297070404,107,1,20,0,,,,,"H29707-04-04",609.312072753906
298060401,107,2,30,0,,,,,"H29806-04-01",2437.248046875
298090401,107,30,30,15,2,6000,29809001,29809002,"H29809-04-01",2437.248046875
299020401,107,10,10,0,,,,,"H29902-04-01",406.207977294922
299020402,107,0,,,,,,,"H29902-04-02",406.207977294922
299020406,107,0,,,,,,,"H29902-04-06",406.207977294922
299070401,107,22,10,0,,,,,"H29907-04-01",2437.248046875
299080402,107,15,5,0,,,,,"H29908-04-02",1218.6240234375
299090402,107,0,,,,,,,"H29909-04-02",1218.6240234375
303080401,107,2,36,0,,,,,"H30308-04-01",2437.248046875
305110403,107,2,30,0,,,,,"H30511-04-03",812.415954589844
307010403,107,10,10,0,,,,,"H30701-04-03",812.416076660156
307060401,107,50,50,50,2,15000,30706008,30706009,"H30706-04-01",812.416076660156
307080401,107,1,50,30,2,9000,30708001,30708002,"H30708-04-01",2437.24829101563
309060402,107,5,20,0,,,,,"H30906-04-02",1218.62414550781
309070401,107,5,27,0,,,,,"H30907-04-01",2437.24829101563
309080401,107,1,20,5,2,1500,30908004,30908005,"H30908-04-01",2437.24829101563
309110401,107,1,5,0,,,,,"H30911-04-01",2437.24829101563
310060401,107,2,40,20,2,6000,31006001,31006002,"H31006-04-01",2437.248046875
310100401,107,2,20,0,,,,,"H31010-04-01",2437.248046875
311020401,107,0,,,,,,,"H31102-04-01",2437.24829101563
311080401,107,0,,,,,,,"H31108-04-01",2437.24829101563
311090401,107,18,12,0,,,,,"H31109-04-01",812.416076660156
311090402,107,30,15,0,,,,,"H31109-04-02",812.416076660156
311100401,107,2,25,0,,,,,"H31110-04-01",2437.24829101563
317030401,107,1,10,10,2,3000,31703001,31703002,"H31703-04-01",812.416076660156
319020401,107,4,48,28,4,8400,31902001,31902002,"H31902-04-01",3443.49438476563
319030401,107,1,6,0,,,,,"H31903-04-01",3443.49438476563
319040401,107,0,,,,,,,"H31904-04-01",3443.49438476563
319080401,107,1,6,0,,,,,"H31908-04-01",3443.49438476563
319090401,107,2,18,0,,,,,"H31909-04-01",3443.49438476563
319100401,107,10,15,0,,,,,"H31910-04-01",3443.49438476563
321030401,107,7,400,30,4,120000,32103001,32103002,"H32103-04-01",3443.49438476563
321050401,107,0,,,,,,,"H32105-04-01",3443.49438476563
321060401,107,24,10,12,4,3600,32106001,32106002,"H32106-04-01",688.698913574219
321080401,107,0,,,,,,,"H32108-04-01",3443.49438476563
321090401,107,0,,,,,,,"H32109-04-01",3443.49438476563
322020401,107,1,5,0,,,,,"H32202-04-01",3443.49438476563
322050401,107,2,24,0,,,,,"H32205-04-01",1721.74719238281
322060401,107,0,,,,,,,"H32206-04-01",3443.49438476563
322070401,107,0,,,,,,,"H32207-04-01",3443.49438476563
324080401,103,0,,,,,,,"H32408-04-01",1513.22998046875
332100401,103,80,2700,1200,4,300000,33210002,,"H33210-04-01",497.993225097656
334040401,103,0,,,,,,,"H33404-04-01",1517.69372558594
335010401,107,1,10,0,,,,,"H33501-04-01",2588.154296875
335030401,107,0,,,,,,,"H33503-04-01",2588.154296875
335040401,107,0,,,,,,,"H33504-04-01",2588.154296875
335060401,107,12,100,0,,,,,"H33506-04-01",2588.154296875
335070401,107,1,8,0,,,,,"H33507-04-01",2588.154296875
335080401,107,20,4,0,,,,,"H33508-04-01",2588.154296875
336040401,107,0,,,,,,,"H33604-04-01",2330.68798828125
337020401,107,2,24,0,,,,,"H33702-04-01",2240.11083984375
337030401,107,0,,,,,,,"H33703-04-01",2240.11083984375
337050401,107,1,13,0,,,,,"H33705-04-01",2240.11083984375
338010401,107,0,,,,,,,"H33801-04-01",4106.56884765625
338020401,107,10,3,0,,,,,"H33802-04-01",4106.56884765625
338050401,107,18,18,6,5,3000,33805002,,"H33805-04-01",4106.56884765625
338060401,107,4,48,0,,,,,"H33806-04-01",4106.56884765625
339020401,107,2,26,0,,,,,"H33902-04-01",4673.64306640625
339050401,107,23,2,0,,,,,"H33905-04-01",4673.64306640625
339070401,107,0,,,,,,,"H33907-04-01",4673.64306640625
339080401,107,2,12,0,,,,,"H33908-04-01",4673.64306640625
340020401,107,3,23,0,,,,,"H34002-04-01",2421.95361328125
340040401,107,0,,,,,,,"H34004-04-01",2421.95361328125
340070401,107,3,20,0,,,,,"H34007-04-01",2421.95361328125
340100401,107,2,20,0,,,,,"H34010-04-01",2421.95361328125
341010401,107,1,10,0,,,,,"H34101-04-01",3394.763671875
341040401,107,0,,,,,,,"H34104-04-01",3394.763671875
341070401,107,0,,,,,,,"H34107-04-01",3394.763671875
341100401,107,14,2,0,,,,,"H34110-04-01",3394.763671875
342060401,107,0,,,,,,,"H34206-04-01",2461.78002929688
342090401,107,0,,,,,,,"H34209-04-01",2461.78002929688
342100401,107,0,,,,,,,"H34210-04-01",2461.78002929688
343010401,107,0,,,,,,,"H34301-04-01",4167.21923828125
343020401,107,0,,,,,,,"H34302-04-01",4167.21923828125
343030401,107,12,9,0,,,,,"H34303-04-01",4167.21923828125
343040401,107,0,,,,,,,"H34304-04-01",4167.21923828125
343050401,107,0,,,,,,,"H34305-04-01",4167.21923828125
343080401,107,0,,,,,,,"H34308-04-01",4167.21923828125
343100401,107,22,19,0,,,,,"H34310-04-01",4167.21923828125
344010402,107,0,,,,,,,"H34401-04-02",6452.8603515625
344040401,107,0,,,,,,,"H34404-04-01",6452.8603515625
344060401,107,3,45,0,,,,,"H34406-04-01",6452.8603515625
344100401,107,10,15,0,,,,,"H34410-04-01",6452.8603515625
346100401,107,0,,,,,,,"H34610-04-01",4612.7412109375
347040401,103,3,60,0,,,,,"H34704-04-01",2299.67822265625
349010401,107,2,60,0,,,,,"H34901-04-01",2306.8203125
349030401,107,15,8,0,,,,,"H34903-04-01",2306.8203125
350020401,107,1,10,0,,,,,"H35002-04-01",707.40234375
350040401,107,3,20,0,,,,,"H35004-04-01",707.40234375
350050401,103,0,,,,,,,"H35005-04-01",707.40234375
350050401,107,0,,,,,,,"H35005-04-01",707.40234375
350060401,107,3,28,0,,,,,"H35006-04-01",707.40234375
350080401,107,2,14,10,2,3000,35008001,,"H35008-04-01",707.40234375
351060401,107,0,,,,,,,"H35106-04-01",2409.94018554688
351080401,107,25,18,0,,,,,"H35108-04-01",2409.94018554688
351090401,107,0,,,,,,,"H35109-04-01",2409.94018554688
352040401,107,1,13,0,,,,,"H35204-04-01",2257.27416992188
352050401,107,2,10,0,,,,,"H35205-04-01",2257.27416992188
352070401,107,2,20,0,,,,,"H35207-04-01",2257.27416992188
352080401,107,4,80,0,,,,,"H35208-04-01",2257.27416992188
352100401,107,2,90,0,,,,,"H35210-04-01",2257.27416992188
353060401,107,0,,,,,,,"H35306-04-01",1059.9375
354050401,107,0,,,,,,,"H35405-04-01",733.614135742188
354080401,107,150,100,100,5,25000,35408001,,"H35408-04-01",733.614135742188
354100401,107,0,,,,,,,"H35410-04-01",733.614135742188
355010401,107,4,40,0,,,,,"H35501-04-01",5974.580078125
355020401,107,10,10,0,,,,,"H35502-04-01",5974.580078125
355040401,107,1,15,0,,,,,"H35504-04-01",5974.580078125
355050401,107,0,,,,,,,"H35505-04-01",5974.580078125
355060401,107,0,,,,,,,"H35506-04-01",5974.580078125
355080401,107,0,,,,,,,"H35508-04-01",5974.580078125
356020401,107,4,28,0,,,,,"H35602-04-01",2553.11254882813
356050401,107,4,30,0,,,,,"H35605-04-01",2553.11254882813
356080401,107,2,12,0,,,,,"H35608-04-01",2553.11254882813
356100401,107,2,16,0,,,,,"H35610-04-01",2553.11254882813
357030401,103,0,,,,,,,"H35703-04-01",4125.23486328125
357040401,107,1,11,0,,,,,"H35704-04-01",4125.23486328125
357070401,107,0,,,,,,,"H35707-04-01",4125.23486328125
358010401,107,0,,,,,,,"H35801-04-01",3136.74340820313
358040401,107,1,5,0,,,,,"H35804-04-01",3136.74340820313
358070401,107,1,7,0,,,,,"H35807-04-01",3136.74340820313
358100401,107,0,,,,,,,"H35810-04-01",3136.74340820313
359010401,107,0,,,,,,,"H35901-04-01",2865.50756835938
359020401,107,1,8,0,,,,,"H35902-04-01",2865.50756835938
359030401,107,1,12,0,,,,,"H35903-04-01",2865.50756835938
359050401,107,0,,,,,,,"H35905-04-01",2865.50756835938
359070401,107,0,,,,,,,"H35907-04-01",2865.50756835938
360010401,107,225,225,0,,,,,"H36001-04-01",3345.0654296875
360020401,107,0,,,,,,,"H36002-04-01",3345.0654296875
360030401,107,0,,,,,,,"H36003-04-01",3345.0654296875
360050401,107,1,20,0,,,,,"H36005-04-01",3345.0654296875
361040401,107,1,6,0,,,,,"H36104-04-01",1788.31005859375
361090401,107,0,,,,,,,"H36109-04-01",1788.31005859375
361100401,107,1,10,0,,,,,"H36110-04-01",1788.31005859375
362010401,107,3,32,0,,,,,"H36201-04-01",1136.32202148438
362030401,107,1,12,0,,,,,"H36203-04-01",1136.32202148438
362060401,107,1,8,0,,,,,"H36206-04-01",1136.32202148438
362070401,107,0,,,,,,,"H36207-04-01",1136.32202148438
362100401,107,2,25,0,,,,,"H36210-04-01",1136.32202148438
363040401,107,1,9,0,,,,,"H36304-04-01",3302.39892578125
364030401,107,0,,,,,,,"H36403-04-01",1878.69799804688
364050401,107,0,,,,,,,"H36405-04-01",1878.69799804688
364060401,107,3,7,0,,,,,"H36406-04-01",1878.69799804688
364080401,107,5,26,0,,,,,"H36408-04-01",1878.69799804688
364100401,107,5,30,0,,,,,"H36410-04-01",1878.69799804688
365020401,107,0,,,,,,,"H36502-04-01",3002.18090820313
365030401,107,0,,,,,,,"H36503-04-01",3002.18090820313
365040401,107,0,,,,,,,"H36504-04-01",3002.18090820313
365050401,107,0,,,,,,,"H36505-04-01",3002.18090820313
365060401,107,0,,,,,,,"H36506-04-01",3002.18090820313
365070401,107,1,9,0,,,,,"H36507-04-01",3002.18090820313
365090401,107,3,0,0,,,,,"H36509-04-01",3002.18090820313
366020401,107,1,12,0,,,,,"H36602-04-01",2500.58227539063
366030401,107,2,12,0,,,,,"H36603-04-01",2500.58227539063
366050401,107,1,12,0,,,,,"H36605-04-01",2500.58227539063
366060401,107,2,15,0,,,,,"H36606-04-01",2500.58227539063
366070401,107,2,14,0,,,,,"H36607-04-01",2500.58227539063
366080401,107,1,3,0,,,,,"H36608-04-01",2500.58227539063
366090401,107,6,21,0,,,,,"H36609-04-01",2500.58227539063
366100401,107,6,25,0,,,,,"H36610-04-01",2500.58227539063
367010401,107,4,60,0,,,,,"H36701-04-01",1059.42810058594
367020401,107,4,40,0,,,,,"H36702-04-01",1059.42810058594
367070401,107,1,5,0,,,,,"H36707-04-01",1059.42810058594
367090401,107,2,14,0,,,,,"H36709-04-01",1059.42810058594
367100401,107,1,12,0,,,,,"H36710-04-01",1059.42810058594
368020401,107,0,,,,,,,"H36802-04-01",2047.62976074219
369060401,107,3,47,0,,,,,"H36906-04-01",1252.86779785156
369070401,107,0,,,,,,,"H36907-04-01",1252.86779785156
369080401,107,1,12,0,,,,,"H36908-04-01",1252.86779785156
369100401,107,3,20,0,,,,,"H36910-04-01",1252.86779785156
370010401,107,1,5,0,,,,,"H37001-04-01",3347.30493164063
370060401,103,0,,,,,,,"H37006-04-01",3347.30493164063
371010401,107,2,15,0,,,,,"H37101-04-01",1267.58740234375
371020401,107,1,8,0,,,,,"H37102-04-01",1267.58740234375
371050401,107,0,,,,,,,"H37105-04-01",1267.58740234375
371060401,107,3,23,0,,,,,"H37106-04-01",1267.58740234375
371070401,107,3,23,3,2,30000,37107002,,"H37107-04-01",1267.58740234375
371080401,107,1,8,0,,,,,"H37108-04-01",1267.58740234375
371100401,107,0,,,,,,,"H37110-04-01",1267.58740234375
372010401,107,1,8,0,,,,,"H37201-04-01",2853.9248046875
372020401,107,0,,,,,,,"H37202-04-01",2853.9248046875
372030401,107,2,12,0,,,,,"H37203-04-01",2853.9248046875
372050401,107,1,12,0,,,,,"H37205-04-01",2853.9248046875
372060401,107,2,15,0,,,,,"H37206-04-01",2853.9248046875
372070401,107,2,15,0,,,,,"H37207-04-01",2853.9248046875
372100401,107,0,,,,,,,"H37210-04-01",2853.9248046875
373010401,107,1,10,0,,,,,"H37301-04-01",2367.31103515625
373020401,107,0,,,,,,,"H37302-04-01",2367.31103515625
373040401,107,2,10,0,,,,,"H37304-04-01",2367.31103515625
373050401,107,0,,,,,,,"H37305-04-01",2367.31103515625
373060401,107,0,,,,,,,"H37306-04-01",2367.31103515625
373070401,107,1,12,0,,,,,"H37307-04-01",2367.31103515625
373080401,107,0,,,,,,,"H37308-04-01",2367.31103515625
373090401,107,0,,,,,,,"H37309-04-01",2367.31103515625
374010401,107,5,30,0,,,,,"H37401-04-01",2993.59375
374030401,107,1,10,0,,,,,"H37403-04-01",2993.59375
374070401,107,2,21,0,,,,,"H37407-04-01",2993.59375
374080401,107,1,14,0,,,,,"H37408-04-01",2993.59375
374090401,107,4,21,0,,,,,"H37409-04-01",2993.59375
374100401,107,0,,,,,,,"H37410-04-01",2993.59375
375010401,107,1,10,0,,,,,"H37501-04-01",544.481567382813
375020401,107,3,20,0,,,,,"H37502-04-01",544.481567382813
375030401,107,0,,,,,,,"H37503-04-01",544.481567382813
375040401,107,1,12,0,,,,,"H37504-04-01",544.481567382813
375050401,107,2,12,0,,,,,"H37505-04-01",544.481567382813
375060401,107,0,,,,,,,"H37506-04-01",544.481567382813
375070401,107,1,8,0,,,,,"H37507-04-01",544.481567382813
375080401,107,7,42,0,,,,,"H37508-04-01",544.481567382813
375090401,107,0,,,,,,,"H37509-04-01",544.481567382813
375100401,107,1,24,0,,,,,"H37510-04-01",544.481567382813
376010401,107,2,32,0,,,,,"H37601-04-01",3280.814453125
376020402,107,0,,,,,,,"H37602-04-02",3280.814453125
376030401,107,0,,,,,,,"H37603-04-01",3280.814453125
376040401,107,0,,,,,,,"H37604-04-01",3280.814453125
376050401,107,0,,,,,,,"H37605-04-01",3280.814453125
376060401,107,0,,,,,,,"H37606-04-01",3280.814453125
376080401,107,0,,,,,,,"H37608-04-01",3280.814453125
376100401,107,2,25,0,,,,,"H37610-04-01",3280.814453125
377020401,107,3,36,0,,,,,"H37702-04-01",1595.68603515625
377040401,107,0,,,,,,,"H37704-04-01",1595.68603515625
377050401,107,2,15,0,,,,,"H37705-04-01",1595.68603515625
377070401,107,3,15,0,,,,,"H37707-04-01",1595.68603515625
377080401,107,3,14,0,,,,,"H37708-04-01",1595.68603515625
377100401,107,0,,,,,,,"H37710-04-01",1595.68603515625
378020401,107,0,,,,,,,"H37802-04-01",2097.82543945313
378030401,107,2,22,0,,,,,"H37803-04-01",2097.82543945313
378040401,107,0,,,,,,,"H37804-04-01",2097.82543945313
378060401,107,0,,,,,,,"H37806-04-01",2097.82543945313
378070401,107,0,,,,,,,"H37807-04-01",2097.82543945313
379020401,107,2,30,0,,,,,"H37902-04-01",2645.49951171875
379050401,107,3,20,0,,,,,"H37905-04-01",2645.49951171875
379080401,107,0,,,,,,,"H37908-04-01",2645.49951171875
379100401,107,1,1,0,,,,,"H37910-04-01",2645.49951171875
380010401,107,0,,,,,,,"H38001-04-01",2108.638671875
380040401,107,2,20,0,,,,,"H38004-04-01",2108.638671875
380070401,107,1,20,0,,,,,"H38007-04-01",2108.638671875
380080401,107,1,8,0,,,,,"H38008-04-01",2108.638671875
380090401,107,5,50,0,,,,,"H38009-04-01",2108.638671875
381010401,107,0,,,,,,,"H38101-04-01",2935.46557617188
381020401,107,1,10,0,,,,,"H38102-04-01",2935.46557617188
381040401,107,1,7,0,,,,,"H38104-04-01",2935.46557617188
381060401,107,1,7,0,,,,,"H38106-04-01",2935.46557617188
381070401,107,3,15,0,,,,,"H38107-04-01",2935.46557617188
381080401,107,1,8,0,,,,,"H38108-04-01",2935.46557617188
381090401,107,1,10,0,,,,,"H38109-04-01",2935.46557617188
381100401,107,2,24,0,,,,,"H38110-04-01",2935.46557617188
382010401,107,0,,,,,,,"H38201-04-01",4849.8994140625
382020401,107,0,,,,,,,"H38202-04-01",4849.8994140625
382040401,107,1,14,0,,,,,"H38204-04-01",4849.8994140625
382060401,107,1,12,0,,,,,"H38206-04-01",4849.8994140625
382070401,107,1,10,0,,,,,"H38207-04-01",4849.8994140625
382080401,107,2,22,0,,,,,"H38208-04-01",4849.8994140625
382090401,107,0,,,,,,,"H38209-04-01",4849.8994140625
383020401,107,2,25,0,,,,,"H38302-04-01",2366.15893554688
383030401,107,0,,,,,,,"H38303-04-01",2366.15893554688
383040401,107,2,30,0,,,,,"H38304-04-01",2366.15893554688
383050401,107,0,,,,,,,"H38305-04-01",2366.15893554688
383080401,107,0,,,,,,,"H38308-04-01",2366.15893554688
383090401,107,3,36,0,,,,,"H38309-04-01",2366.15893554688
383100401,107,1,10,0,,,,,"H38310-04-01",2366.15893554688
384010401,107,0,,,,,,,"H38401-04-01",2472.08251953125
384030401,107,3,15,0,,,,,"H38403-04-01",2472.08251953125
384040401,107,2,22,0,,,,,"H38404-04-01",2472.08251953125
384050401,107,0,,,,,,,"H38405-04-01",2472.08251953125
384070401,107,0,,,,,,,"H38407-04-01",2472.08251953125
384080401,107,4,12,0,,,,,"H38408-04-01",2472.08251953125
384100401,107,2,9,0,,,,,"H38410-04-01",2472.08251953125
385010401,107,9,9,0,,,,,"H38501-04-01",326.926422119141
385030401,107,0,,,,,,,"H38503-04-01",326.926422119141
385050401,107,2,12,0,,,,,"H38505-04-01",326.926422119141
385070401,107,0,,,,,,,"H38507-04-01",326.926422119141
385080401,107,1,10,0,,,,,"H38508-04-01",326.926422119141
386020401,107,1,4,0,,,,,"H38602-04-01",3881.62280273438
386030401,107,0,,,,,,,"H38603-04-01",3881.62280273438
386040401,107,0,,,,,,,"H38604-04-01",3881.62280273438
386050401,107,1,12,0,,,,,"H38605-04-01",3881.62280273438
386070401,107,1,12,0,,,,,"H38607-04-01",3881.62280273438
386100401,107,0,,,,,,,"H38610-04-01",3881.62280273438
387010401,107,0,,,,,,,"H38701-04-01",1116.73669433594
387020401,107,0,,,,,,,"H38702-04-01",1116.73669433594
387030401,107,3,24,0,,,,,"H38703-04-01",1116.73669433594
387040401,107,3,18,0,,,,,"H38704-04-01",1116.73669433594
387050401,107,3,25,0,,,,,"H38705-04-01",1116.73669433594
387060401,107,3,27,0,,,,,"H38706-04-01",1116.73669433594
387070401,107,0,,,,,,,"H38707-04-01",1116.73669433594
387100401,107,1,14,0,,,,,"H38710-04-01",1116.73669433594
388030401,107,1,11,0,,,,,"H38803-04-01",2706.57373046875
388040401,107,3,22,0,,,,,"H38804-04-01",2706.57373046875
388060401,107,0,,,,,,,"H38806-04-01",2706.57373046875
388090401,107,0,,,,,,,"H38809-04-01",2706.57373046875
390010401,107,1,6,0,,,,,"H39001-04-01",1330.84216308594
390020401,107,0,,,,,,,"H39002-04-01",1330.84216308594
390030401,107,5,40,0,,,,,"H39003-04-01",1330.84216308594
390050401,107,3,11,0,,,,,"H39005-04-01",1330.84216308594
390080401,107,1,10,0,,,,,"H39008-04-01",1330.84216308594
391010401,107,1,11,0,,,,,"H39101-04-01",3899.56103515625
391020401,107,0,,,,,,,"H39102-04-01",3899.56103515625
391030401,107,4,52,0,,,,,"H39103-04-01",3899.56103515625
391040401,107,1,12,0,,,,,"H39104-04-01",3899.56103515625
391070401,107,0,,,,,,,"H39107-04-01",3899.56103515625
391100401,107,2,29,0,,,,,"H39110-04-01",3899.56103515625
393010401,107,0,,,,,,,"H39301-04-01",2549.3349609375
393020401,107,2,20,0,,,,,"H39302-04-01",2549.3349609375
393030401,107,0,,,,,,,"H39303-04-01",2549.3349609375
393040401,107,2,18,0,,,,,"H39304-04-01",2549.3349609375
393050401,107,2,30,0,,,,,"H39305-04-01",2549.3349609375
393070401,107,0,,,,,,,"H39307-04-01",2549.3349609375
393090401,107,4,60,0,,,,,"H39309-04-01",2549.3349609375
393100401,107,3,36,0,,,,,"H39310-04-01",2549.3349609375
394020401,107,1,10,0,,,,,"H39402-04-01",911.797973632813
394060401,107,2,14,0,,,,,"H39406-04-01",911.797973632813
394070401,107,0,,,,,,,"H39407-04-01",911.797973632813
394080401,107,2,2,0,,,,,"H39408-04-01",911.797973632813
394100401,107,0,,,,,,,"H39410-04-01",911.797973632813
395010401,107,3,36,0,,,,,"H39501-04-01",1220.53100585938
395030401,107,1,13,0,,,,,"H39503-04-01",1220.53100585938
395040401,107,2,24,0,,,,,"H39504-04-01",1220.53100585938
395050401,107,0,,,,,,,"H39505-04-01",1220.53100585938
395060401,107,0,,,,,,,"H39506-04-01",1220.53100585938
395070401,107,2,36,0,,,,,"H39507-04-01",1220.53100585938
395090401,107,0,,,,,,,"H39509-04-01",1220.53100585938
395100401,107,1,10,0,,,,,"H39510-04-01",1220.53100585938
396020401,107,0,,,,,,,"H39602-04-01",1151.29089355469
396070401,107,0,,,,,,,"H39607-04-01",1151.29089355469
396100401,107,0,,,,,,,"H39610-04-01",1151.29089355469
397010401,107,3,19,0,,,,,"H39701-04-01",1330.84216308594
397020401,107,1,16,0,,,,,"H39702-04-01",1330.84216308594
397030401,107,1,13,0,,,,,"H39703-04-01",1330.84216308594
397060401,107,1,15,0,,,,,"H39706-04-01",1330.84216308594
397070401,107,2,34,0,,,,,"H39707-04-01",1330.84216308594
397090401,107,1,14,0,,,,,"H39709-04-01",1330.84216308594
397100401,107,5,51,0,,,,,"H39710-04-01",1330.84216308594
398010401,107,0,,,,,,,"H39801-04-01",1933.7021484375
398020401,107,0,,,,,,,"H39802-04-01",1933.7021484375
398050401,107,0,,,,,,,"H39805-04-01",1933.7021484375
398080401,107,12,12,0,,,,,"H39808-04-01",1933.7021484375
398090401,107,5,11,0,,,,,"H39809-04-01",1933.7021484375
399010401,107,0,,,,,,,"H39901-04-01",1611.22216796875
399020401,107,2,22,0,,,,,"H39902-04-01",1611.22216796875
399030401,107,3,40,0,,,,,"H39903-04-01",1611.22216796875
399040401,107,1,11,0,,,,,"H39904-04-01",1611.22216796875
399050401,107,0,,,,,,,"H39905-04-01",1611.22216796875
399060401,107,0,,,,,,,"H39906-04-01",1611.22216796875
399070401,107,4,60,0,,,,,"H39907-04-01",1611.22216796875
399090401,107,3,36,0,,,,,"H39909-04-01",1611.22216796875
399100401,107,0,,,,,,,"H39910-04-01",1611.22216796875
400020401,107,1,20,0,,,,,"H40002-04-01",1763.8642578125
400030401,107,0,,,,,,,"H40003-04-01",1763.8642578125
400050402,107,0,,,,,,,"H40005-04-02",1763.8642578125
400060401,107,1,10,0,,,,,"H40006-04-01",1763.8642578125
400070401,107,3,30000,0,,,,,"H40007-04-01",1763.8642578125
400080401,107,2,19,0,,,,,"H40008-04-01",1763.8642578125
400090401,107,0,,,,,,,"H40009-04-01",1763.8642578125
400100401,107,0,,,,,,,"H40010-04-01",1763.8642578125
401010401,107,0,,,,,,,"H40101-04-01",4319.05126953125
401030401,107,0,,,,,,,"H40103-04-01",4319.05126953125
401040401,107,2,24,0,,,,,"H40104-04-01",4319.05126953125
401050401,107,0,,,,,,,"H40105-04-01",4319.05126953125
401060401,107,2,21,0,,,,,"H40106-04-01",4319.05126953125
401070401,107,0,,,,,,,"H40107-04-01",4319.05126953125
401080401,107,2,28,0,,,,,"H40108-04-01",4319.05126953125
401090401,107,0,,,,,,,"H40109-04-01",4319.05126953125
401100401,107,0,,,,,,,"H40110-04-01",4319.05126953125
402010401,107,1,6,0,,,,,"H40201-04-01",3219.75244140625
402020401,107,1,10,0,,,,,"H40202-04-01",3219.75244140625
402030401,107,0,,,,,,,"H40203-04-01",3219.75244140625
402040401,107,0,,,,,,,"H40204-04-01",3219.75244140625
402050401,107,2,16,0,,,,,"H40205-04-01",3219.75244140625
402060401,107,0,,,,,,,"H40206-04-01",3219.75244140625
402070401,107,3,41,0,,,,,"H40207-04-01",3219.75244140625
402080401,107,6,45,0,,,,,"H40208-04-01",3219.75244140625
402090401,107,2,30,0,,,,,"H40209-04-01",3219.75244140625
402100401,107,2,14,0,,,,,"H40210-04-01",3219.75244140625
403010401,107,2,18,0,,,,,"H40301-04-01",1800.61120605469
403030401,107,1,13,0,,,,,"H40303-04-01",1800.61120605469
403040401,107,0,,,,,,,"H40304-04-01",1800.61120605469
403060401,107,4,50,0,,,,,"H40306-04-01",1800.61120605469
403070401,107,3,46,0,,,,,"H40307-04-01",1800.61120605469
403090401,107,0,,,,,,,"H40309-04-01",1800.61120605469
403100401,107,1,12,0,,,,,"H40310-04-01",1800.61120605469
404010401,107,6,600,0,,,,,"H40401-04-01",2133.70678710938
404020401,107,0,,,,,,,"H40402-04-01",2133.70678710938
404030401,107,1,10,0,,,,,"H40403-04-01",2133.70678710938
404040401,107,7,70,0,,,,,"H40404-04-01",2133.70678710938
404050401,107,0,,,,,,,"H40405-04-01",2133.70678710938
404060401,107,5,50,0,,,,,"H40406-04-01",2133.70678710938
404070401,107,2,12,0,,,,,"H40407-04-01",2133.70678710938
404080401,107,3,36,6,2,1800,40408001,40408002,"H40408-04-01",2133.70678710938
404090401,107,3,40,5,2,1500,40409001,40409002,"H40409-04-01",2133.70678710938
404100401,107,0,,,,,,,"H40410-04-01",2133.70678710938
405010401,107,0,,,,,,,"H40501-04-01",2694.79272460938
405020401,107,1,13,0,,,,,"H40502-04-01",2694.79272460938
405030401,107,2,30,0,,,,,"H40503-04-01",2694.79272460938
405040401,107,0,,,,,,,"H40504-04-01",2694.79272460938
405050401,107,1,11,0,,,,,"H40505-04-01",2694.79272460938
405060401,107,3,25,0,,,,,"H40506-04-01",2694.79272460938
405090401,107,1,15,0,,,,,"H40509-04-01",2694.79272460938
405100401,107,2,25,0,,,,,"H40510-04-01",2694.79272460938
407030401,107,0,,,,,,,"H40703-04-01",2266.640625
407080401,107,0,,,,,,,"H40708-04-01",2266.640625
407090401,107,2,30,20,2,6000,40709001,40709002,"H40709-04-01",2266.640625
408020401,107,2,16,0,,,,,"H40802-04-01",3741.4892578125
408050401,107,1,10,0,,,,,"H40805-04-01",3741.4892578125
408090401,107,0,,,,,,,"H40809-04-01",3741.4892578125
409040401,107,50,20,0,,,,,"H40904-04-01",4667.84765625
409050401,107,30,20,0,,,,,"H40905-04-01",4667.84765625
409080401,107,0,,,,,,,"H40908-04-01",4667.84765625
410030401,107,17,17,0,,,,,"H41003-04-01",953.583068847656
410050401,107,0,,,,,,,"H41005-04-01",953.583068847656
410060401,107,2,15,0,,,,,"H41006-04-01",953.583068847656
410070401,107,24,4,0,,,,,"H41007-04-01",953.583068847656
410080401,107,2,17,0,,,,,"H41008-04-01",953.583068847656
410090401,107,0,,,,,,,"H41009-04-01",953.583068847656
410100401,107,1,5,0,,,,,"H41010-04-01",953.583068847656
411040401,107,0,,,,,,,"H41104-04-01",3022.623046875
411060401,107,0,,,,,,,"H41106-04-01",3022.623046875
411080401,107,0,,,,,,,"H41108-04-01",3022.623046875
413090401,107,0,,,,,,,"H41309-04-01",2583.84936523438
415010401,107,1,3,0,,,,,"H41501-04-01",4312.05419921875
415020401,107,1,20,4,2,1200,41502001,41502002,"H41502-04-01",4312.05419921875
415100401,107,200,200,200,2,60000,41510001,41510002,"H41510-04-01",4312.05419921875
418060401,107,1,10,0,,,,,"H41806-04-01",2529.2197265625
418080401,107,2,25,0,,,,,"H41808-04-01",2529.2197265625
418090401,107,0,,,,,,,"H41809-04-01",2529.2197265625
419030401,107,28,8,10,2,3500,41903001,41903002,"H41903-04-01",2738.48071289063
419090401,107,14,3,0,,,,,"H41909-04-01",2738.48071289063
419100401,107,0,,,,,,,"H41910-04-01",2738.48071289063
420030401,107,1,11,0,,,,,"H42003-04-01",4114.3056640625
420040401,107,4800,10,4790,2,1437000,42004001,42004002,"H42004-04-01",4114.3056640625
420090401,107,3,10,0,,,,,"H42009-04-01",4114.3056640625
421010401,107,3,21,0,,,,,"H42101-04-01",6198.29052734375
421020401,107,0,,,,,,,"H42102-04-01",6198.29052734375
421050401,107,0,,,,,,,"H42105-04-01",6198.29052734375
421070401,107,18,12,0,,,,,"H42107-04-01",6198.29052734375
421080401,107,0,,,,,,,"H42108-04-01",6198.29052734375
421090401,107,0,,,,,,,"H42109-04-01",6198.29052734375
421100401,107,2,12,0,,,,,"H42110-04-01",6198.29052734375
422010402,107,2,12,0,,,,,"H42201-04-02",2960.76196289063
422030401,107,2,16,10,5,2500,42203001,42203003,"H42203-04-01",2960.76196289063
422040401,107,2,24,0,,,,,"H42204-04-01",2960.76196289063
422070401,107,6,66,66,4,13200,42207001,,"H42207-04-01",2960.76196289063
422100401,107,4,15,0,,,,,"H42210-04-01",2960.76196289063
423040401,107,3,30,0,,,,,"H42304-04-01",3080.41040039063
423100401,107,0,,,,,,,"H42310-04-01",3080.41040039063
424080401,107,4,19,0,,,,,"H42408-04-01",1819.81176757813
426030401,107,50,20,30,2,60000,42603001,42603003,"H42603-04-01",1876.29406738281
427020401,107,18,15,0,,,,,"H42702-04-01",5849.3955078125
427030401,107,4,40,0,,,,,"H42703-04-01",5849.3955078125
428010401,107,0,,,,,,,"H42801-04-01",2685.92578125
428020401,107,2,15,0,,,,,"H42802-04-01",2685.92578125
428030401,107,0,,,,,,,"H42803-04-01",2685.92578125
428050401,107,0,,,,,,,"H42805-04-01",2685.92578125
428060401,107,0,,,,,,,"H42806-04-01",2685.92578125
428070401,107,3,24,0,,,,,"H42807-04-01",2685.92578125
428100401,107,0,,,,,,,"H42810-04-01",2685.92578125
429060401,107,0,,,,,,,"H42906-04-01",2508.931640625
429080401,107,1,20,10,2,3000,42908001,,"H42908-04-01",2508.931640625
430010401,107,0,,,,,,,"H43001-04-01",4328.96435546875
430030401,107,19,19,0,,,,,"H43003-04-01",4328.96435546875
430060401,107,0,,,,,,,"H43006-04-01",4328.96435546875
430070401,107,0,,,,,,,"H43007-04-01",4328.96435546875
